Rk,,AvAge,GP,W,L,OL,PTS,PTS%,GF,GA,SOW,SOL,SRS,SOS,TG/G,EVGF,EVGA,PP,PPO,PP%,PPA,PPOA,PK%,SH,SHA,PIM/G,oPIM/G,S,S%,SA,SV%,SO
1,Toronto Maple Leafs,28.8,8,6,2,0,12,.750,26,22,0,0,0.35,-0.16,6.00,16,15,10,24,41.67,6,30,80.00,0,1,10.1,7.1,243,10.7,216,.898,0
2,Vegas Golden Knights,29.0,7,5,1,1,11,.786,23,16,0,1,0.60,-0.25,5.57,19,11,3,26,11.54,4,25,84.00,1,1,7.9,8.1,223,10.3,166,.904,1
3,Washington Capitals,30.0,7,4,0,3,11,.786,24,21,1,2,0.19,-0.10,6.43,19,14,5,14,35.71,6,26,76.92,0,1,8.4,5.4,198,12.1,223,.906,0
4,Winnipeg Jets,27.9,7,5,2,0,10,.714,28,21,0,0,0.26,-0.74,7.00,22,15,6,30,20.00,6,19,68.42,0,0,8.6,11.7,228,12.3,219,.904,0
5,Montreal Canadiens,28.6,6,4,0,2,10,.833,29,17,0,1,1.56,-0.27,7.67,19,10,6,23,26.09,6,28,78.57,4,1,13.3,12.7,213,13.6,165,.897,0
6,St. Louis Blues,28.3,7,4,2,1,9,.643,21,26,1,1,-0.60,0.11,6.71,19,15,2,23,8.70,11,36,69.44,0,0,11.6,7.9,195,10.8,233,.888,0
7,Philadelphia Flyers,27.1,7,4,2,1,9,.643,25,24,0,1,0.14,0.14,7.00,18,16,7,24,29.17,8,23,65.22,0,0,6.6,6.9,173,14.5,239,.900,1
8,Boston Bruins,28.8,6,4,1,1,9,.750,16,12,2,0,0.92,-0.08,4.67,7,10,7,20,35.00,2,26,92.31,2,0,10.2,8.2,197,8.1,143,.916,0
9,Pittsburgh Penguins,28.4,7,4,2,1,9,.643,21,26,2,0,-0.40,0.03,6.71,15,19,5,24,20.83,6,24,75.00,1,1,6.9,6.9,201,10.4,192,.865,0
10,Anaheim Ducks,28.5,7,3,2,2,8,.571,12,14,0,0,0.11,0.39,3.71,12,11,0,16,0.00,2,22,90.91,0,1,6.6,4.9,172,7.0,224,.938,2
11,Colorado Avalanche,26.8,7,4,3,0,8,.571,25,18,0,0,0.80,-0.21,6.14,13,15,11,34,32.35,3,27,88.89,1,0,9.4,10.0,222,11.3,188,.904,1
12,Los Angeles Kings,27.9,7,3,2,2,8,.571,22,21,0,0,0.26,0.12,6.14,16,17,6,29,20.69,4,28,85.71,0,0,8.6,8.9,198,11.1,215,.902,0
13,Minnesota Wild,28.9,7,4,3,0,8,.571,19,17,0,0,0.15,-0.13,5.14,16,15,2,30,6.67,2,23,91.30,1,0,8.0,10.0,228,8.3,204,.917,0
14,Buffalo Sabres,27.2,7,3,3,1,7,.500,20,20,1,1,0.05,0.05,5.71,12,17,8,26,30.77,3,12,75.00,0,0,4.4,8.4,233,8.6,194,.897,0
15,New Jersey Devils,26.5,6,3,2,1,7,.583,14,15,0,1,-0.15,0.19,4.83,12,6,2,14,14.29,8,23,65.22,0,1,8.8,5.8,162,8.6,209,.928,1
16,Columbus Blue Jackets,26.8,7,2,2,3,7,.500,18,21,0,1,-0.59,-0.02,5.57,16,19,1,19,5.26,2,16,87.50,1,0,8.1,9.0,202,8.9,232,.909,0
17,Edmonton Oilers,27.9,8,3,5,0,6,.375,23,29,0,0,-0.32,0.43,6.50,16,21,5,28,17.86,6,25,76.00,2,2,7.5,8.3,256,9.0,271,.893,0
18,Vancouver Canucks,27.4,8,3,5,0,6,.375,26,34,1,0,-0.44,0.43,7.50,20,23,4,31,12.90,9,39,76.92,2,2,15.6,12.9,239,10.9,291,.883,0
19,New York Islanders,28.8,6,3,3,0,6,.500,11,11,0,0,-0.09,-0.09,3.67,7,8,4,25,16.00,3,19,84.21,0,0,9.5,9.0,170,6.5,175,.937,2
20,Chicago Blackhawks,27.1,7,2,3,2,6,.429,21,26,0,0,-0.57,0.15,6.71,11,19,9,21,42.86,7,29,75.86,1,0,8.3,6.0,209,10.0,233,.888,0
21,San Jose Sharks,29.3,7,3,4,0,6,.429,20,28,2,0,-0.97,-0.11,6.86,14,23,6,30,20.00,4,27,85.19,0,1,9.1,11.4,228,8.8,219,.872,0
22,Florida Panthers,28.1,3,3,0,0,6,1.000,13,9,1,0,1.24,-0.43,7.33,10,5,3,11,27.27,3,11,72.73,0,1,7.3,7.3,97,13.4,88,.898,0
23,Dallas Stars,29.0,3,3,0,0,6,1.000,12,3,0,0,2.54,-0.46,5.00,2,2,9,16,56.25,1,12,91.67,1,0,8.0,10.7,72,16.7,72,.958,1
24,Nashville Predators,28.8,6,3,3,0,6,.500,15,19,0,0,0.07,0.73,5.67,13,8,2,24,8.33,10,22,54.55,0,1,7.3,8.0,191,7.9,168,.887,0
25,Tampa Bay Lightning,27.7,4,3,1,0,6,.750,15,10,0,0,0.82,-0.43,6.25,12,7,3,11,27.27,3,13,76.92,0,0,7.8,6.8,139,10.8,113,.912,0
26,Detroit Red Wings,29.3,7,2,4,1,5,.357,13,22,0,0,-1.06,0.23,5.00,10,15,3,20,15.00,6,22,72.73,0,1,9.9,9.3,178,7.3,212,.896,0
27,Arizona Coyotes,28.3,7,2,4,1,5,.357,17,19,0,1,-0.35,0.08,5.14,11,13,5,27,18.52,5,27,81.48,1,1,8.3,8.3,191,8.9,208,.909,0
28,Calgary Flames,28.2,5,2,2,1,5,.500,16,13,0,0,0.61,0.01,5.80,8,9,8,24,33.33,3,18,83.33,0,1,7.6,10.4,152,10.5,146,.911,1
29,Carolina Hurricanes,27.0,3,2,1,0,4,.667,9,6,0,0,0.17,-0.83,5.00,6,5,3,12,25.00,1,9,88.89,0,0,7.7,9.7,98,9.2,68,.912,1
30,New York Rangers,25.5,6,1,4,1,3,.250,15,17,0,1,-0.68,-0.18,5.33,11,11,4,26,15.38,6,20,70.00,0,0,7.0,11.0,196,7.7,155,.890,1
31,Ottawa Senators,26.9,6,1,4,1,3,.250,15,27,0,0,-1.83,0.17,7.00,12,20,3,25,12.00,6,26,76.92,0,1,14.0,15.3,170,8.8,193,.860,0