Rk,Date,G,Age,Tm,,Opp,,G,A,PTS,+/-,PIM,EV,PP,SH,GW,EV,PP,SH,S,S%,SHFT,TOI,HIT,BLK,FOW,FOL,FO%
1,2019-10-03,1,28-289,TBL,,FLA,W,0,1,1,-1,2,0,0,0,0,1,0,0,1,0.0,22,21:30,1,2,0,0,
2,2019-10-05,2,28-291,TBL,@,FLA,L,0,1,1,-1,0,0,0,0,0,1,0,0,0,,24,23:25,1,0,0,0,
3,2019-10-06,3,28-292,TBL,@,CAR,L-OT,0,1,1,-1,2,0,0,0,0,1,0,0,1,0.0,26,22:03,1,4,0,0,
4,2019-10-10,4,28-296,TBL,@,TOR,W,0,1,1,0,2,0,0,0,0,0,1,0,1,0.0,25,23:50,2,3,0,0,
5,2019-10-12,5,28-298,TBL,@,OTT,L,0,0,0,-1,0,0,0,0,0,0,0,0,1,0.0,25,24:47,4,2,0,0,
6,2019-10-15,6,28-301,TBL,@,MTL,W,0,1,1,0,2,0,0,0,0,0,1,0,1,0.0,23,19:20,0,2,0,0,
7,2019-10-17,7,28-303,TBL,@,BOS,W,0,1,1,2,0,0,0,0,0,1,0,0,1,0.0,33,27:10,3,3,0,0,
8,2019-10-19,8,28-305,TBL,,COL,L,1,0,1,0,5,1,0,0,0,0,0,0,2,50.0,25,22:59,1,0,0,0,
9,2019-10-23,9,28-309,TBL,,PIT,W,1,0,1,0,0,0,1,0,1,0,0,0,3,33.3,26,23:22,2,1,0,0,
10,2019-10-26,10,28-312,TBL,,NSH,L-OT,0,1,1,0,0,0,0,0,0,1,0,0,3,0.0,29,23:10,1,1,0,0,
11,2019-10-29,11,28-315,TBL,@,NYR,L,0,0,0,0,0,0,0,0,0,0,0,0,0,,8,6:37,0,0,0,0,
12,2019-11-08,12,28-325,TBL,@,BUF,W,0,1,1,1,0,0,0,0,0,0,1,0,2,0.0,28,25:47,0,1,0,0,
13,2019-11-09,13,28-326,TBL,,BUF,W,1,0,1,-1,0,0,1,0,0,0,0,0,4,25.0,25,21:52,0,3,0,0,
14,2019-11-14,14,28-331,TBL,,NYR,W,0,3,3,0,0,0,0,0,0,0,3,0,6,0.0,27,23:23,1,1,0,0,
15,2019-11-16,15,28-333,TBL,,WPG,L,1,1,2,1,0,1,0,0,0,1,0,0,5,20.0,26,24:34,1,2,0,0,
16,2019-11-19,16,28-336,TBL,@,STL,L,0,1,1,-1,2,0,0,0,0,1,0,0,2,0.0,28,24:49,1,2,0,0,
17,2019-11-21,17,28-338,TBL,@,CHI,W,0,1,1,2,0,0,0,0,0,1,0,0,2,0.0,23,20:44,0,1,0,0,
18,2019-11-23,18,28-340,TBL,,ANA,W,0,2,2,-1,0,0,0,0,0,0,2,0,1,0.0,24,19:13,1,2,0,0,
19,2019-11-25,19,28-342,TBL,,BUF,W,0,0,0,1,0,0,0,0,0,0,0,0,2,0.0,24,20:57,1,2,0,0,
20,2019-11-27,20,28-344,TBL,,STL,L,0,0,0,0,0,0,0,0,0,0,0,0,1,0.0,26,23:39,1,0,0,0,
21,2019-11-29,21,28-346,TBL,@,WSH,L-OT,0,1,1,-1,0,0,0,0,0,0,1,0,4,0.0,28,26:27,2,1,0,0,
22,2019-11-30,22,28-347,TBL,,CAR,L,0,1,1,-2,2,0,0,0,0,0,1,0,2,0.0,24,24:20,2,0,0,0,
23,2019-12-03,23,28-350,TBL,@,NSH,W,1,0,1,2,0,1,0,0,0,0,0,0,2,50.0,24,23:41,1,0,0,0,
24,2019-12-05,24,28-352,TBL,,MIN,L,1,0,1,-2,0,0,1,0,0,0,0,0,6,16.7,24,25:25,0,2,0,0,
25,2019-12-07,25,28-354,TBL,,SJS,W,1,2,3,3,0,1,0,0,0,0,2,0,6,16.7,24,20:47,1,1,0,0,
26,2019-12-09,26,28-356,TBL,,NYI,L,0,0,0,-1,0,0,0,0,0,0,0,0,3,0.0,25,23:53,1,1,0,0,
27,2019-12-10,27,28-357,TBL,@,FLA,W,0,0,0,0,0,0,0,0,0,0,0,0,2,0.0,24,22:28,4,3,0,0,
28,2019-12-12,28,28-359,TBL,,BOS,W,0,1,1,-1,0,0,0,0,0,0,1,0,1,0.0,24,23:19,1,1,0,0,
29,2019-12-14,29,28-361,TBL,,WSH,L,0,0,0,-1,0,0,0,0,0,0,0,0,2,0.0,24,25:43,0,1,0,0,
30,2019-12-17,30,28-364,TBL,,OTT,W,0,0,0,3,0,0,0,0,0,0,0,0,1,0.0,28,24:18,1,3,0,0,
31,2019-12-19,31,29-001,TBL,,DAL,L-OT,0,1,1,-2,0,0,0,0,0,0,1,0,4,0.0,27,24:51,2,0,0,0,
32,2019-12-21,32,29-003,TBL,@,WSH,L,0,0,0,-1,0,0,0,0,0,0,0,0,5,0.0,22,24:08,3,1,0,0,
33,2019-12-23,33,29-005,TBL,,FLA,W,2,1,3,2,0,2,0,0,1,0,1,0,5,40.0,24,21:53,2,1,0,0,
34,2019-12-28,34,29-010,TBL,,MTL,W,0,4,4,3,0,0,0,0,0,4,0,0,3,0.0,22,21:59,1,2,0,0,
35,2019-12-29,35,29-011,TBL,,DET,W,0,1,1,0,0,0,0,0,0,0,1,0,4,0.0,25,24:27,2,0,0,0,
36,2019-12-31,36,29-013,TBL,@,BUF,W,0,0,0,1,0,0,0,0,0,0,0,0,0,,29,25:23,1,0,0,0,
37,2020-01-02,37,29-015,TBL,@,MTL,W,0,0,0,1,4,0,0,0,0,0,0,0,0,,25,21:43,0,2,0,0,
38,2020-01-04,38,29-017,TBL,@,OTT,W,0,2,2,3,0,0,0,0,0,2,0,0,3,0.0,30,28:13,2,1,0,0,
39,2020-01-05,39,29-018,TBL,@,CAR,W,0,0,0,1,0,0,0,0,0,0,0,0,2,0.0,24,25:47,2,2,0,0,
40,2020-01-07,40,29-020,TBL,,VAN,W,0,1,1,-1,2,0,0,0,0,1,0,0,0,,23,23:56,1,3,0,0,
41,2020-01-09,41,29-022,TBL,,ARI,W,0,0,0,2,0,0,0,0,0,0,0,0,4,0.0,25,21:01,3,2,0,0,
42,2020-01-11,42,29-024,TBL,@,PHI,W,0,0,0,0,0,0,0,0,0,0,0,0,0,,29,25:03,1,1,0,0,
43,2020-01-12,43,29-025,TBL,@,NJD,L,0,1,1,-1,0,0,0,0,0,1,0,0,1,0.0,25,28:45,1,1,0,0,
44,2020-01-14,44,29-027,TBL,,LAK,W,0,0,0,2,0,0,0,0,0,0,0,0,6,0.0,29,29:05,2,2,0,0,
45,2020-01-16,45,29-029,TBL,@,MIN,L,0,0,0,-1,0,0,0,0,0,0,0,0,1,0.0,27,25:48,2,0,0,0,
46,2020-01-17,46,29-030,TBL,@,WPG,W,0,0,0,2,0,0,0,0,0,0,0,0,1,0.0,24,20:34,0,2,0,0,
47,2020-01-27,47,29-040,TBL,@,DAL,L-OT,0,1,1,0,0,0,0,0,0,1,0,0,2,0.0,29,26:37,0,1,0,0,
48,2020-01-29,48,29-042,TBL,@,LAK,W,0,0,0,1,0,0,0,0,0,0,0,0,1,0.0,26,24:47,1,2,0,0,
49,2020-01-31,49,29-044,TBL,@,ANA,W,0,0,0,-1,2,0,0,0,0,0,0,0,0,,24,23:24,0,2,0,0,
50,2020-02-01,50,29-045,TBL,@,SJS,W,0,0,0,0,0,0,0,0,0,0,0,0,3,0.0,25,23:44,0,0,0,0,
51,2020-02-04,51,29-048,TBL,,VEG,W,0,0,0,2,2,0,0,0,0,0,0,0,2,0.0,27,26:44,0,2,0,0,
52,2020-02-06,52,29-050,TBL,,PIT,W,0,3,3,4,0,0,0,0,0,3,0,0,3,0.0,31,27:56,0,1,0,0,
53,2020-02-08,53,29-052,TBL,,NYI,W,0,0,0,1,0,0,0,0,0,0,0,0,2,0.0,26,26:44,2,1,0,0,
54,2020-02-10,54,29-054,TBL,@,CBJ,W,0,1,1,1,0,0,0,0,0,1,0,0,2,0.0,29,29:10,0,1,0,0,
55,2020-02-11,55,29-055,TBL,@,PIT,W,0,1,1,1,0,0,0,0,0,1,0,0,4,0.0,31,28:46,0,2,0,0,
56,2020-02-13,56,29-057,TBL,,EDM,W,0,0,0,1,0,0,0,0,0,0,0,0,4,0.0,26,25:05,0,1,0,0,
57,2020-02-15,57,29-059,TBL,,PHI,W,0,2,2,3,0,0,0,0,0,2,0,0,1,0.0,25,32:12,0,2,0,0,
58,2020-02-17,58,29-061,TBL,@,COL,W,0,0,0,2,0,0,0,0,0,0,0,0,1,0.0,32,29:51,1,4,0,0,
59,2020-02-20,59,29-064,TBL,@,VEG,L,0,2,2,0,2,0,0,0,0,0,2,0,2,0.0,30,27:50,0,0,0,0,
60,2020-02-22,60,29-066,TBL,@,ARI,L,0,0,0,-2,2,0,0,0,0,0,0,0,5,0.0,28,23:46,3,2,0,0,
61,2020-02-25,61,29-069,TBL,,TOR,L,0,1,1,1,0,0,0,0,0,1,0,0,2,0.0,27,26:52,1,1,0,0,
62,2020-02-27,62,29-071,TBL,,CHI,L,0,1,1,-1,0,0,0,0,0,1,0,0,7,0.0,27,25:45,2,6,0,0,
63,2020-02-29,63,29-073,TBL,,CGY,W,0,0,0,0,0,0,0,0,0,0,0,0,1,0.0,22,25:18,0,3,0,0,
64,2020-03-03,64,29-076,TBL,,BOS,L,0,0,0,0,0,0,0,0,0,0,0,0,2,0.0,29,28:04,1,2,0,0,
65,2020-03-05,65,29-078,TBL,,MTL,W,2,0,2,2,0,1,1,0,1,0,0,0,4,50.0,25,24:36,1,0,0,0,
66,2020-03-07,66,29-080,TBL,@,BOS,W,0,0,0,1,0,0,0,0,0,0,0,0,0,,7,4:36,1,0,0,0,